Time,Ca++,H+,HCO3-,CO3--,CO2(aq),
0,0.1,0.200001,2.66346e-06,0.199997,9.35426e-10,
20,0.073808,0.200001,2.31465e-06,0.173806,8.12924e-10,
40,0.0567668,0.200001,2.08771e-06,0.156765,7.3322e-10,
60,0.0449869,0.200001,1.93084e-06,0.144985,6.78125e-10,
80,0.036499,0.200001,1.8178e-06,0.136497,6.38425e-10,
100,0.0301984,0.200001,1.73389e-06,0.130197,6.08957e-10,
120,0.0254176,0.200001,1.67023e-06,0.125416,5.86597e-10,
140,0.021729,0.200001,1.6211e-06,0.121727,5.69345e-10,
160,0.0188465,0.200001,1.58272e-06,0.118845,5.55863e-10,
180,0.0165712,0.200001,1.55242e-06,0.11657,5.45221e-10,
200,0.014761,0.200001,1.52831e-06,0.114759,5.36754e-10,
220,0.0133118,0.200001,1.50901e-06,0.11331,5.29976e-10,
240,0.0121457,0.200001,1.49348e-06,0.112144,5.24522e-10,
260,0.0112037,0.200001,1.48094e-06,0.111202,5.20116e-10,
280,0.0104402,0.200001,1.47077e-06,0.110439,5.16545e-10,
300,0.0098197,0.200001,1.4625e-06,0.109818,5.13643e-10,
320,0.0093144,0.200001,1.45578e-06,0.109313,5.1128e-10,
340,0.00890216,0.200001,1.45029e-06,0.108901,5.09352e-10,
360,0.00856538,0.200001,1.4458e-06,0.108564,5.07777e-10,
380,0.00828991,0.200001,1.44213e-06,0.108288,5.06488e-10,
400,0.00806438,0.200001,1.43913e-06,0.108063,5.05434e-10,
420,0.0078796,0.200001,1.43667e-06,0.107878,5.04569e-10,
440,0.0077281,0.200001,1.43465e-06,0.107727,5.03861e-10,
460,0.00760383,0.200001,1.43299e-06,0.107602,5.0328e-10,
480,0.00750184,0.200001,1.43164e-06,0.1075,5.02803e-10,
500,0.00741812,0.200001,1.43052e-06,0.107417,5.02411e-10,
520,0.00734937,0.200001,1.42961e-06,0.107348,5.02089e-10,
540,0.00729289,0.200001,1.42885e-06,0.107291,5.01825e-10,
560,0.0072465,0.200001,1.42824e-06,0.107245,5.01608e-10,
580,0.00720838,0.200001,1.42773e-06,0.107207,5.0143e-10,
600,0.00717706,0.200001,1.42731e-06,0.107176,5.01283e-10,
620,0.00715131,0.200001,1.42697e-06,0.10715,5.01163e-10,
640,0.00713015,0.200001,1.42669e-06,0.107129,5.01064e-10,
660,0.00711276,0.200001,1.42646e-06,0.107111,5.00983e-10,
680,0.00709846,0.200001,1.42626e-06,0.107097,5.00916e-10,
700,0.00708671,0.200001,1.42611e-06,0.107085,5.00861e-10,
720,0.00707704,0.200001,1.42598e-06,0.107076,5.00816e-10,
740,0.0070691,0.200001,1.42587e-06,0.107068,5.00779e-10,
760,0.00706256,0.200001,1.42579e-06,0.107061,5.00748e-10,
780,0.00705719,0.200001,1.42572e-06,0.107056,5.00723e-10,
800,0.00705278,0.200001,1.42566e-06,0.107051,5.00702e-10,
820,0.00704915,0.200001,1.42561e-06,0.107048,5.00685e-10,
840,0.00704616,0.200001,1.42557e-06,0.107045,5.00671e-10,
860,0.00704371,0.200001,1.42554e-06,0.107042,5.0066e-10,
880,0.00704169,0.200001,1.42551e-06,0.10704,5.0065e-10,
900,0.00704003,0.200001,1.42549e-06,0.107039,5.00643e-10,
920,0.00703867,0.200001,1.42547e-06,0.107037,5.00636e-10,
940,0.00703754,0.200001,1.42545e-06,0.107036,5.00631e-10,
960,0.00703662,0.200001,1.42544e-06,0.107035,5.00627e-10,
980,0.00703586,0.200001,1.42543e-06,0.107034,5.00623e-10,
1000,0.00703524,0.200001,1.42542e-06,0.107034,5.0062e-10,
1020,0.00703473,0.200001,1.42542e-06,0.107033,5.00618e-10,
1040,0.00703431,0.200001,1.42541e-06,0.107033,5.00616e-10,
1060,0.00703396,0.200001,1.42541e-06,0.107033,5.00614e-10,
1080,0.00703367,0.200001,1.4254e-06,0.107032,5.00613e-10,
1100,0.00703344,0.200001,1.4254e-06,0.107032,5.00612e-10,
1120,0.00703325,0.200001,1.4254e-06,0.107032,5.00611e-10,
1140,0.00703309,0.200001,1.42539e-06,0.107032,5.0061e-10,
1160,0.00703296,0.200001,1.42539e-06,0.107032,5.00609e-10,
1180,0.00703285,0.200001,1.42539e-06,0.107031,5.00609e-10,
1200,0.00703276,0.200001,1.42539e-06,0.107031,5.00609e-10,
1220,0.00703269,0.200001,1.42539e-06,0.107031,5.00608e-10,
1240,0.00703263,0.200001,1.42539e-06,0.107031,5.00608e-10,
1260,0.00703258,0.200001,1.42539e-06,0.107031,5.00608e-10,
1280,0.00703254,0.200001,1.42539e-06,0.107031,5.00608e-10,
1300,0.00703251,0.200001,1.42539e-06,0.107031,5.00607e-10,
1320,0.00703248,0.200001,1.42539e-06,0.107031,5.00607e-10,
1340,0.00703246,0.200001,1.42539e-06,0.107031,5.00607e-10,
1360,0.00703244,0.200001,1.42539e-06,0.107031,5.00607e-10,
1380,0.00703242,0.200001,1.42539e-06,0.107031,5.00607e-10,
1400,0.00703241,0.200001,1.42539e-06,0.107031,5.00607e-10,
1420,0.0070324,0.200001,1.42539e-06,0.107031,5.00607e-10,
1440,0.00703239,0.200001,1.42539e-06,0.107031,5.00607e-10,
1460,0.00703239,0.200001,1.42538e-06,0.107031,5.00607e-10,
1480,0.00703238,0.200001,1.42538e-06,0.107031,5.00607e-10,
1500,0.00703238,0.200001,1.42538e-06,0.107031,5.00607e-10,
1520,0.00703237,0.200001,1.42538e-06,0.107031,5.00607e-10,
1540,0.00703237,0.200001,1.42538e-06,0.107031,5.00607e-10,
1560,0.00703237,0.200001,1.42538e-06,0.107031,5.00607e-10,
1580,0.00703236,0.200001,1.42538e-06,0.107031,5.00607e-10,
1600,0.00703236,0.200001,1.42538e-06,0.107031,5.00607e-10,
1620,0.00703236,0.200001,1.42538e-06,0.107031,5.00607e-10,
1640,0.00703236,0.200001,1.42538e-06,0.107031,5.00607e-10,
1660,0.00703236,0.200001,1.42538e-06,0.107031,5.00607e-10,
1680,0.00703236,0.200001,1.42538e-06,0.107031,5.00607e-10,
1700,0.00703236,0.200001,1.42538e-06,0.107031,5.00607e-10,
1720,0.00703236,0.200001,1.42538e-06,0.107031,5.00607e-10,
1740,0.00703236,0.200001,1.42538e-06,0.107031,5.00607e-10,
1760,0.00703236,0.200001,1.42538e-06,0.107031,5.00607e-10,
1780,0.00703236,0.200001,1.42538e-06,0.107031,5.00607e-10,
1800,0.00703236,0.200001,1.42538e-06,0.107031,5.00607e-10,
1820,0.00703236,0.200001,1.42538e-06,0.107031,5.00607e-10,
1840,0.00703236,0.200001,1.42538e-06,0.107031,5.00607e-10,
1860,0.00703235,0.200001,1.42538e-06,0.107031,5.00607e-10,
1880,0.00703235,0.200001,1.42538e-06,0.107031,5.00607e-10,
1900,0.00703235,0.200001,1.42538e-06,0.107031,5.00607e-10,
1920,0.00703235,0.200001,1.42538e-06,0.107031,5.00607e-10,
1940,0.00703235,0.200001,1.42538e-06,0.107031,5.00607e-10,
1960,0.00703235,0.200001,1.42538e-06,0.107031,5.00607e-10,
1980,0.00703235,0.200001,1.42538e-06,0.107031,5.00607e-10,
2000,0.00703235,0.200001,1.42538e-06,0.107031,5.00607e-10,
2020,0.00703235,0.200001,1.42538e-06,0.107031,5.00607e-10,
2040,0.00703235,0.200001,1.42538e-06,0.107031,5.00607e-10,
2060,0.00703235,0.200001,1.42538e-06,0.107031,5.00607e-10,
2080,0.00703235,0.200001,1.42538e-06,0.107031,5.00607e-10,
2100,0.00703235,0.200001,1.42538e-06,0.107031,5.00607e-10,
2120,0.00703235,0.200001,1.42538e-06,0.107031,5.00607e-10,
2140,0.00703235,0.200001,1.42538e-06,0.107031,5.00607e-10,
2160,0.00703235,0.200001,1.42538e-06,0.107031,5.00607e-10,
2180,0.00703235,0.200001,1.42538e-06,0.107031,5.00607e-10,
2200,0.00703235,0.200001,1.42538e-06,0.107031,5.00607e-10,
2220,0.00703235,0.200001,1.42538e-06,0.107031,5.00607e-10,
2240,0.00703235,0.200001,1.42538e-06,0.107031,5.00607e-10,
2260,0.00703235,0.200001,1.42538e-06,0.107031,5.00607e-10,
2280,0.00703235,0.200001,1.42538e-06,0.107031,5.00607e-10,
2300,0.00703235,0.200001,1.42538e-06,0.107031,5.00607e-10,
2320,0.00703235,0.200001,1.42538e-06,0.107031,5.00607e-10,
2340,0.00703235,0.200001,1.42538e-06,0.107031,5.00607e-10,
2360,0.00703235,0.200001,1.42538e-06,0.107031,5.00607e-10,
2380,0.00703235,0.200001,1.42538e-06,0.107031,5.00607e-10,
2400,0.00703235,0.200001,1.42538e-06,0.107031,5.00607e-10,
2420,0.00703235,0.200001,1.42538e-06,0.107031,5.00607e-10,
2440,0.00703235,0.200001,1.42538e-06,0.107031,5.00607e-10,
2460,0.00703235,0.200001,1.42538e-06,0.107031,5.00607e-10,
2480,0.00703235,0.200001,1.42538e-06,0.107031,5.00607e-10,
2500,0.00703235,0.200001,1.42538e-06,0.107031,5.00607e-10,
2520,0.00703235,0.200001,1.42538e-06,0.107031,5.00607e-10,
2540,0.00703235,0.200001,1.42538e-06,0.107031,5.00607e-10,
2560,0.00703235,0.200001,1.42538e-06,0.107031,5.00607e-10,
2580,0.00703235,0.200001,1.42538e-06,0.107031,5.00607e-10,
2600,0.00703235,0.200001,1.42538e-06,0.107031,5.00607e-10,
2620,0.00703235,0.200001,1.42538e-06,0.107031,5.00607e-10,
2640,0.00703235,0.200001,1.42538e-06,0.107031,5.00607e-10,
2660,0.00703235,0.200001,1.42538e-06,0.107031,5.00607e-10,
2680,0.00703235,0.200001,1.42538e-06,0.107031,5.00607e-10,
2700,0.00703235,0.200001,1.42538e-06,0.107031,5.00607e-10,
2720,0.00703235,0.200001,1.42538e-06,0.107031,5.00607e-10,
2740,0.00703235,0.200001,1.42538e-06,0.107031,5.00607e-10,
2760,0.00703235,0.200001,1.42538e-06,0.107031,5.00607e-10,
2780,0.00703235,0.200001,1.42538e-06,0.107031,5.00607e-10,
2800,0.00703235,0.200001,1.42538e-06,0.107031,5.00607e-10,
2820,0.00703235,0.200001,1.42538e-06,0.107031,5.00607e-10,
2840,0.00703235,0.200001,1.42538e-06,0.107031,5.00607e-10,
2860,0.00703235,0.200001,1.42538e-06,0.107031,5.00607e-10,
2880,0.00703235,0.200001,1.42538e-06,0.107031,5.00607e-10,
2900,0.00703235,0.200001,1.42538e-06,0.107031,5.00607e-10,
2920,0.00703235,0.200001,1.42538e-06,0.107031,5.00607e-10,
2940,0.00703235,0.200001,1.42538e-06,0.107031,5.00607e-10,
2960,0.00703235,0.200001,1.42538e-06,0.107031,5.00607e-10,
2980,0.00703235,0.200001,1.42538e-06,0.107031,5.00607e-10,
3000,0.00703235,0.200001,1.42538e-06,0.107031,5.00607e-10,
3020,0.00703235,0.200001,1.42538e-06,0.107031,5.00607e-10,
3040,0.00703235,0.200001,1.42538e-06,0.107031,5.00607e-10,
3060,0.00703235,0.200001,1.42538e-06,0.107031,5.00607e-10,
3080,0.00703235,0.200001,1.42538e-06,0.107031,5.00607e-10,
3100,0.00703235,0.200001,1.42538e-06,0.107031,5.00607e-10,
3120,0.00703235,0.200001,1.42538e-06,0.107031,5.00607e-10,
3140,0.00703235,0.200001,1.42538e-06,0.107031,5.00607e-10,
3160,0.00703235,0.200001,1.42538e-06,0.107031,5.00607e-10,
3180,0.00703235,0.200001,1.42538e-06,0.107031,5.00607e-10,
3200,0.00703235,0.200001,1.42538e-06,0.107031,5.00607e-10,
3220,0.00703235,0.200001,1.42538e-06,0.107031,5.00607e-10,
3240,0.00703235,0.200001,1.42538e-06,0.107031,5.00607e-10,
3260,0.00703235,0.200001,1.42538e-06,0.107031,5.00607e-10,
3280,0.00703235,0.200001,1.42538e-06,0.107031,5.00607e-10,
3300,0.00703235,0.200001,1.42538e-06,0.107031,5.00607e-10,
3320,0.00703235,0.200001,1.42538e-06,0.107031,5.00607e-10,
3340,0.00703235,0.200001,1.42538e-06,0.107031,5.00607e-10,
3360,0.00703235,0.200001,1.42538e-06,0.107031,5.00607e-10,
3380,0.00703235,0.200001,1.42538e-06,0.107031,5.00607e-10,
3400,0.00703235,0.200001,1.42538e-06,0.107031,5.00607e-10,
3420,0.00703235,0.200001,1.42538e-06,0.107031,5.00607e-10,
3440,0.00703235,0.200001,1.42538e-06,0.107031,5.00607e-10,
3460,0.00703235,0.200001,1.42538e-06,0.107031,5.00607e-10,
3480,0.00703235,0.200001,1.42538e-06,0.107031,5.00607e-10,
3500,0.00703235,0.200001,1.42538e-06,0.107031,5.00607e-10,
3520,0.00703235,0.200001,1.42538e-06,0.107031,5.00607e-10,
3540,0.00703235,0.200001,1.42538e-06,0.107031,5.00607e-10,
3560,0.00703235,0.200001,1.42538e-06,0.107031,5.00607e-10,
3580,0.00703235,0.200001,1.42538e-06,0.107031,5.00607e-10,
3600,0.00703235,0.200001,1.42538e-06,0.107031,5.00607e-10,
3620,0.00703235,0.200001,1.42538e-06,0.107031,5.00607e-10,
3640,0.00703235,0.200001,1.42538e-06,0.107031,5.00607e-10,
3660,0.00703235,0.200001,1.42538e-06,0.107031,5.00607e-10,
3680,0.00703235,0.200001,1.42538e-06,0.107031,5.00607e-10,
3700,0.00703235,0.200001,1.42538e-06,0.107031,5.00607e-10,
3720,0.00703235,0.200001,1.42538e-06,0.107031,5.00607e-10,
3740,0.00703235,0.200001,1.42538e-06,0.107031,5.00607e-10,
3760,0.00703235,0.200001,1.42538e-06,0.107031,5.00607e-10,
3780,0.00703235,0.200001,1.42538e-06,0.107031,5.00607e-10,
3800,0.00703235,0.200001,1.42538e-06,0.107031,5.00607e-10,
3820,0.00703235,0.200001,1.42538e-06,0.107031,5.00607e-10,
3840,0.00703235,0.200001,1.42538e-06,0.107031,5.00607e-10,
3860,0.00703235,0.200001,1.42538e-06,0.107031,5.00607e-10,
3880,0.00703235,0.200001,1.42538e-06,0.107031,5.00607e-10,
3900,0.00703235,0.200001,1.42538e-06,0.107031,5.00607e-10,
3920,0.00703235,0.200001,1.42538e-06,0.107031,5.00607e-10,
3940,0.00703235,0.200001,1.42538e-06,0.107031,5.00607e-10,
3960,0.00703235,0.200001,1.42538e-06,0.107031,5.00607e-10,
3980,0.00703235,0.200001,1.42538e-06,0.107031,5.00607e-10,
4000,0.00703235,0.200001,1.42538e-06,0.107031,5.00607e-10,
4020,0.00703235,0.200001,1.42538e-06,0.107031,5.00607e-10,
4040,0.00703235,0.200001,1.42538e-06,0.107031,5.00607e-10,
4060,0.00703235,0.200001,1.42538e-06,0.107031,5.00607e-10,
4080,0.00703235,0.200001,1.42538e-06,0.107031,5.00607e-10,
4100,0.00703235,0.200001,1.42538e-06,0.107031,5.00607e-10,
4120,0.00703235,0.200001,1.42538e-06,0.107031,5.00607e-10,
4140,0.00703235,0.200001,1.42538e-06,0.107031,5.00607e-10,
4160,0.00703235,0.200001,1.42538e-06,0.107031,5.00607e-10,
4180,0.00703235,0.200001,1.42538e-06,0.107031,5.00607e-10,
4200,0.00703235,0.200001,1.42538e-06,0.107031,5.00607e-10,
4220,0.00703235,0.200001,1.42538e-06,0.107031,5.00607e-10,
4240,0.00703235,0.200001,1.42538e-06,0.107031,5.00607e-10,
4260,0.00703235,0.200001,1.42538e-06,0.107031,5.00607e-10,
4280,0.00703235,0.200001,1.42538e-06,0.107031,5.00607e-10,
4300,0.00703235,0.200001,1.42538e-06,0.107031,5.00607e-10,
4320,0.00703235,0.200001,1.42538e-06,0.107031,5.00607e-10,
4340,0.00703235,0.200001,1.42538e-06,0.107031,5.00607e-10,
4360,0.00703235,0.200001,1.42538e-06,0.107031,5.00607e-10,
4380,0.00703235,0.200001,1.42538e-06,0.107031,5.00607e-10,
4400,0.00703235,0.200001,1.42538e-06,0.107031,5.00607e-10,
4420,0.00703235,0.200001,1.42538e-06,0.107031,5.00607e-10,
4440,0.00703235,0.200001,1.42538e-06,0.107031,5.00607e-10,
4460,0.00703235,0.200001,1.42538e-06,0.107031,5.00607e-10,
4480,0.00703235,0.200001,1.42538e-06,0.107031,5.00607e-10,
4500,0.00703235,0.200001,1.42538e-06,0.107031,5.00607e-10,
4520,0.00703235,0.200001,1.42538e-06,0.107031,5.00607e-10,
4540,0.00703235,0.200001,1.42538e-06,0.107031,5.00607e-10,
4560,0.00703235,0.200001,1.42538e-06,0.107031,5.00607e-10,
4580,0.00703235,0.200001,1.42538e-06,0.107031,5.00607e-10,
4600,0.00703235,0.200001,1.42538e-06,0.107031,5.00607e-10,
4620,0.00703235,0.200001,1.42538e-06,0.107031,5.00607e-10,
4640,0.00703235,0.200001,1.42538e-06,0.107031,5.00607e-10,
4660,0.00703235,0.200001,1.42538e-06,0.107031,5.00607e-10,
4680,0.00703235,0.200001,1.42538e-06,0.107031,5.00607e-10,
4700,0.00703235,0.200001,1.42538e-06,0.107031,5.00607e-10,
4720,0.00703235,0.200001,1.42538e-06,0.107031,5.00607e-10,
4740,0.00703235,0.200001,1.42538e-06,0.107031,5.00607e-10,
4760,0.00703235,0.200001,1.42538e-06,0.107031,5.00607e-10,
4780,0.00703235,0.200001,1.42538e-06,0.107031,5.00607e-10,
4800,0.00703235,0.200001,1.42538e-06,0.107031,5.00607e-10,
4820,0.00703235,0.200001,1.42538e-06,0.107031,5.00607e-10,
4840,0.00703235,0.200001,1.42538e-06,0.107031,5.00607e-10,
4860,0.00703235,0.200001,1.42538e-06,0.107031,5.00607e-10,
4880,0.00703235,0.200001,1.42538e-06,0.107031,5.00607e-10,
4900,0.00703235,0.200001,1.42538e-06,0.107031,5.00607e-10,
4920,0.00703235,0.200001,1.42538e-06,0.107031,5.00607e-10,
4940,0.00703235,0.200001,1.42538e-06,0.107031,5.00607e-10,
4960,0.00703235,0.200001,1.42538e-06,0.107031,5.00607e-10,
4980,0.00703235,0.200001,1.42538e-06,0.107031,5.00607e-10,
5000,0.00703235,0.200001,1.42538e-06,0.107031,5.00607e-10,
5020,0.00703235,0.200001,1.42538e-06,0.107031,5.00607e-10,
5040,0.00703235,0.200001,1.42538e-06,0.107031,5.00607e-10,
5060,0.00703235,0.200001,1.42538e-06,0.107031,5.00607e-10,
5080,0.00703235,0.200001,1.42538e-06,0.107031,5.00607e-10,
5100,0.00703235,0.200001,1.42538e-06,0.107031,5.00607e-10,
5120,0.00703235,0.200001,1.42538e-06,0.107031,5.00607e-10,
5140,0.00703235,0.200001,1.42538e-06,0.107031,5.00607e-10,
5160,0.00703235,0.200001,1.42538e-06,0.107031,5.00607e-10,
5180,0.00703235,0.200001,1.42538e-06,0.107031,5.00607e-10,
5200,0.00703235,0.200001,1.42538e-06,0.107031,5.00607e-10,
5220,0.00703235,0.200001,1.42538e-06,0.107031,5.00607e-10,
5240,0.00703235,0.200001,1.42538e-06,0.107031,5.00607e-10,
5260,0.00703235,0.200001,1.42538e-06,0.107031,5.00607e-10,
5280,0.00703235,0.200001,1.42538e-06,0.107031,5.00607e-10,
5300,0.00703235,0.200001,1.42538e-06,0.107031,5.00607e-10,
5320,0.00703235,0.200001,1.42538e-06,0.107031,5.00607e-10,
5340,0.00703235,0.200001,1.42538e-06,0.107031,5.00607e-10,
5360,0.00703235,0.200001,1.42538e-06,0.107031,5.00607e-10,
5380,0.00703235,0.200001,1.42538e-06,0.107031,5.00607e-10,
5400,0.00703235,0.200001,1.42538e-06,0.107031,5.00607e-10,
5420,0.00703235,0.200001,1.42538e-06,0.107031,5.00607e-10,
5440,0.00703235,0.200001,1.42538e-06,0.107031,5.00607e-10,
5460,0.00703235,0.200001,1.42538e-06,0.107031,5.00607e-10,
5480,0.00703235,0.200001,1.42538e-06,0.107031,5.00607e-10,
5500,0.00703235,0.200001,1.42538e-06,0.107031,5.00607e-10,
5520,0.00703235,0.200001,1.42538e-06,0.107031,5.00607e-10,
5540,0.00703235,0.200001,1.42538e-06,0.107031,5.00607e-10,
5560,0.00703235,0.200001,1.42538e-06,0.107031,5.00607e-10,
5580,0.00703235,0.200001,1.42538e-06,0.107031,5.00607e-10,
5600,0.00703235,0.200001,1.42538e-06,0.107031,5.00607e-10,
5620,0.00703235,0.200001,1.42538e-06,0.107031,5.00607e-10,
5640,0.00703235,0.200001,1.42538e-06,0.107031,5.00607e-10,
5660,0.00703235,0.200001,1.42538e-06,0.107031,5.00607e-10,
5680,0.00703235,0.200001,1.42538e-06,0.107031,5.00607e-10,
5700,0.00703235,0.200001,1.42538e-06,0.107031,5.00607e-10,
5720,0.00703235,0.200001,1.42538e-06,0.107031,5.00607e-10,
5740,0.00703235,0.200001,1.42538e-06,0.107031,5.00607e-10,
5760,0.00703235,0.200001,1.42538e-06,0.107031,5.00607e-10,
5780,0.00703235,0.200001,1.42538e-06,0.107031,5.00607e-10,
5800,0.00703235,0.200001,1.42538e-06,0.107031,5.00607e-10,
5820,0.00703235,0.200001,1.42538e-06,0.107031,5.00607e-10,
5840,0.00703235,0.200001,1.42538e-06,0.107031,5.00607e-10,
5860,0.00703235,0.200001,1.42538e-06,0.107031,5.00607e-10,
5880,0.00703235,0.200001,1.42538e-06,0.107031,5.00607e-10,
5900,0.00703235,0.200001,1.42538e-06,0.107031,5.00607e-10,
5920,0.00703235,0.200001,1.42538e-06,0.107031,5.00607e-10,
5940,0.00703235,0.200001,1.42538e-06,0.107031,5.00607e-10,
5960,0.00703235,0.200001,1.42538e-06,0.107031,5.00607e-10,
5980,0.00703235,0.200001,1.42538e-06,0.107031,5.00607e-10,
6000,0.00703235,0.200001,1.42538e-06,0.107031,5.00607e-10,
6020,0.00703235,0.200001,1.42538e-06,0.107031,5.00607e-10,
6040,0.00703235,0.200001,1.42538e-06,0.107031,5.00607e-10,
6060,0.00703235,0.200001,1.42538e-06,0.107031,5.00607e-10,
6080,0.00703235,0.200001,1.42538e-06,0.107031,5.00607e-10,
6100,0.00703235,0.200001,1.42538e-06,0.107031,5.00607e-10,
6120,0.00703235,0.200001,1.42538e-06,0.107031,5.00607e-10,
6140,0.00703235,0.200001,1.42538e-06,0.107031,5.00607e-10,
6160,0.00703235,0.200001,1.42538e-06,0.107031,5.00607e-10,
6180,0.00703235,0.200001,1.42538e-06,0.107031,5.00607e-10,
6200,0.00703235,0.200001,1.42538e-06,0.107031,5.00607e-10,
6220,0.00703235,0.200001,1.42538e-06,0.107031,5.00607e-10,
6240,0.00703235,0.200001,1.42538e-06,0.107031,5.00607e-10,
6260,0.00703235,0.200001,1.42538e-06,0.107031,5.00607e-10,
6280,0.00703235,0.200001,1.42538e-06,0.107031,5.00607e-10,
6300,0.00703235,0.200001,1.42538e-06,0.107031,5.00607e-10,
6320,0.00703235,0.200001,1.42538e-06,0.107031,5.00607e-10,
6340,0.00703235,0.200001,1.42538e-06,0.107031,5.00607e-10,
6360,0.00703235,0.200001,1.42538e-06,0.107031,5.00607e-10,
6380,0.00703235,0.200001,1.42538e-06,0.107031,5.00607e-10,
6400,0.00703235,0.200001,1.42538e-06,0.107031,5.00607e-10,
6420,0.00703235,0.200001,1.42538e-06,0.107031,5.00607e-10,
6440,0.00703235,0.200001,1.42538e-06,0.107031,5.00607e-10,
6460,0.00703235,0.200001,1.42538e-06,0.107031,5.00607e-10,
6480,0.00703235,0.200001,1.42538e-06,0.107031,5.00607e-10,
6500,0.00703235,0.200001,1.42538e-06,0.107031,5.00607e-10,
6520,0.00703235,0.200001,1.42538e-06,0.107031,5.00607e-10,
6540,0.00703235,0.200001,1.42538e-06,0.107031,5.00607e-10,
6560,0.00703235,0.200001,1.42538e-06,0.107031,5.00607e-10,
6580,0.00703235,0.200001,1.42538e-06,0.107031,5.00607e-10,
6600,0.00703235,0.200001,1.42538e-06,0.107031,5.00607e-10,
6620,0.00703235,0.200001,1.42538e-06,0.107031,5.00607e-10,
6640,0.00703235,0.200001,1.42538e-06,0.107031,5.00607e-10,
6660,0.00703235,0.200001,1.42538e-06,0.107031,5.00607e-10,
6680,0.00703235,0.200001,1.42538e-06,0.107031,5.00607e-10,
6700,0.00703235,0.200001,1.42538e-06,0.107031,5.00607e-10,
6720,0.00703235,0.200001,1.42538e-06,0.107031,5.00607e-10,
6740,0.00703235,0.200001,1.42538e-06,0.107031,5.00607e-10,
6760,0.00703235,0.200001,1.42538e-06,0.107031,5.00607e-10,
6780,0.00703235,0.200001,1.42538e-06,0.107031,5.00607e-10,
6800,0.00703235,0.200001,1.42538e-06,0.107031,5.00607e-10,
6820,0.00703235,0.200001,1.42538e-06,0.107031,5.00607e-10,
6840,0.00703235,0.200001,1.42538e-06,0.107031,5.00607e-10,
6860,0.00703235,0.200001,1.42538e-06,0.107031,5.00607e-10,
6880,0.00703235,0.200001,1.42538e-06,0.107031,5.00607e-10,
6900,0.00703235,0.200001,1.42538e-06,0.107031,5.00607e-10,
6920,0.00703235,0.200001,1.42538e-06,0.107031,5.00607e-10,
6940,0.00703235,0.200001,1.42538e-06,0.107031,5.00607e-10,
6960,0.00703235,0.200001,1.42538e-06,0.107031,5.00607e-10,
6980,0.00703235,0.200001,1.42538e-06,0.107031,5.00607e-10,
7000,0.00703235,0.200001,1.42538e-06,0.107031,5.00607e-10,
7020,0.00703235,0.200001,1.42538e-06,0.107031,5.00607e-10,
7040,0.00703235,0.200001,1.42538e-06,0.107031,5.00607e-10,
7060,0.00703235,0.200001,1.42538e-06,0.107031,5.00607e-10,
7080,0.00703235,0.200001,1.42538e-06,0.107031,5.00607e-10,
7100,0.00703235,0.200001,1.42538e-06,0.107031,5.00607e-10,
7120,0.00703235,0.200001,1.42538e-06,0.107031,5.00607e-10,
7140,0.00703235,0.200001,1.42538e-06,0.107031,5.00607e-10,
7160,0.00703235,0.200001,1.42538e-06,0.107031,5.00607e-10,
7180,0.00703235,0.200001,1.42538e-06,0.107031,5.00607e-10,
7200,0.00703235,0.200001,1.42538e-06,0.107031,5.00607e-10,
7220,0.00703235,0.200001,1.42538e-06,0.107031,5.00607e-10,
7240,0.00703235,0.200001,1.42538e-06,0.107031,5.00607e-10,
7260,0.00703235,0.200001,1.42538e-06,0.107031,5.00607e-10,
7280,0.00703235,0.200001,1.42538e-06,0.107031,5.00607e-10,
7300,0.00703235,0.200001,1.42538e-06,0.107031,5.00607e-10,
7320,0.00703235,0.200001,1.42538e-06,0.107031,5.00607e-10,
7340,0.00703235,0.200001,1.42538e-06,0.107031,5.00607e-10,
7360,0.00703235,0.200001,1.42538e-06,0.107031,5.00607e-10,
7380,0.00703235,0.200001,1.42538e-06,0.107031,5.00607e-10,
7400,0.00703235,0.200001,1.42538e-06,0.107031,5.00607e-10,
7420,0.00703235,0.200001,1.42538e-06,0.107031,5.00607e-10,
7440,0.00703235,0.200001,1.42538e-06,0.107031,5.00607e-10,
7460,0.00703235,0.200001,1.42538e-06,0.107031,5.00607e-10,
7480,0.00703235,0.200001,1.42538e-06,0.107031,5.00607e-10,
7500,0.00703235,0.200001,1.42538e-06,0.107031,5.00607e-10,
7520,0.00703235,0.200001,1.42538e-06,0.107031,5.00607e-10,
7540,0.00703235,0.200001,1.42538e-06,0.107031,5.00607e-10,
7560,0.00703235,0.200001,1.42538e-06,0.107031,5.00607e-10,
7580,0.00703235,0.200001,1.42538e-06,0.107031,5.00607e-10,
7600,0.00703235,0.200001,1.42538e-06,0.107031,5.00607e-10,
7620,0.00703235,0.200001,1.42538e-06,0.107031,5.00607e-10,
7640,0.00703235,0.200001,1.42538e-06,0.107031,5.00607e-10,
7660,0.00703235,0.200001,1.42538e-06,0.107031,5.00607e-10,
7680,0.00703235,0.200001,1.42538e-06,0.107031,5.00607e-10,
7700,0.00703235,0.200001,1.42538e-06,0.107031,5.00607e-10,
7720,0.00703235,0.200001,1.42538e-06,0.107031,5.00607e-10,
7740,0.00703235,0.200001,1.42538e-06,0.107031,5.00607e-10,
7760,0.00703235,0.200001,1.42538e-06,0.107031,5.00607e-10,
7780,0.00703235,0.200001,1.42538e-06,0.107031,5.00607e-10,
7800,0.00703235,0.200001,1.42538e-06,0.107031,5.00607e-10,
7820,0.00703235,0.200001,1.42538e-06,0.107031,5.00607e-10,
7840,0.00703235,0.200001,1.42538e-06,0.107031,5.00607e-10,
7860,0.00703235,0.200001,1.42538e-06,0.107031,5.00607e-10,
7880,0.00703235,0.200001,1.42538e-06,0.107031,5.00607e-10,
7900,0.00703235,0.200001,1.42538e-06,0.107031,5.00607e-10,
7920,0.00703235,0.200001,1.42538e-06,0.107031,5.00607e-10,
7940,0.00703235,0.200001,1.42538e-06,0.107031,5.00607e-10,
7960,0.00703235,0.200001,1.42538e-06,0.107031,5.00607e-10,
7980,0.00703235,0.200001,1.42538e-06,0.107031,5.00607e-10,
8000,0.00703235,0.200001,1.42538e-06,0.107031,5.00607e-10,
8020,0.00703235,0.200001,1.42538e-06,0.107031,5.00607e-10,
8040,0.00703235,0.200001,1.42538e-06,0.107031,5.00607e-10,
8060,0.00703235,0.200001,1.42538e-06,0.107031,5.00607e-10,
8080,0.00703235,0.200001,1.42538e-06,0.107031,5.00607e-10,
8100,0.00703235,0.200001,1.42538e-06,0.107031,5.00607e-10,
8120,0.00703235,0.200001,1.42538e-06,0.107031,5.00607e-10,
8140,0.00703235,0.200001,1.42538e-06,0.107031,5.00607e-10,
8160,0.00703235,0.200001,1.42538e-06,0.107031,5.00607e-10,
8180,0.00703235,0.200001,1.42538e-06,0.107031,5.00607e-10,
8200,0.00703235,0.200001,1.42538e-06,0.107031,5.00607e-10,
8220,0.00703235,0.200001,1.42538e-06,0.107031,5.00607e-10,
8240,0.00703235,0.200001,1.42538e-06,0.107031,5.00607e-10,
8260,0.00703235,0.200001,1.42538e-06,0.107031,5.00607e-10,
8280,0.00703235,0.200001,1.42538e-06,0.107031,5.00607e-10,
8300,0.00703235,0.200001,1.42538e-06,0.107031,5.00607e-10,
8320,0.00703235,0.200001,1.42538e-06,0.107031,5.00607e-10,
8340,0.00703235,0.200001,1.42538e-06,0.107031,5.00607e-10,
8360,0.00703235,0.200001,1.42538e-06,0.107031,5.00607e-10,
8380,0.00703235,0.200001,1.42538e-06,0.107031,5.00607e-10,
8400,0.00703235,0.200001,1.42538e-06,0.107031,5.00607e-10,
8420,0.00703235,0.200001,1.42538e-06,0.107031,5.00607e-10,
8440,0.00703235,0.200001,1.42538e-06,0.107031,5.00607e-10,
8460,0.00703235,0.200001,1.42538e-06,0.107031,5.00607e-10,
8480,0.00703235,0.200001,1.42538e-06,0.107031,5.00607e-10,
8500,0.00703235,0.200001,1.42538e-06,0.107031,5.00607e-10,
8520,0.00703235,0.200001,1.42538e-06,0.107031,5.00607e-10,
8540,0.00703235,0.200001,1.42538e-06,0.107031,5.00607e-10,
8560,0.00703235,0.200001,1.42538e-06,0.107031,5.00607e-10,
8580,0.00703235,0.200001,1.42538e-06,0.107031,5.00607e-10,
8600,0.00703235,0.200001,1.42538e-06,0.107031,5.00607e-10,
8620,0.00703235,0.200001,1.42538e-06,0.107031,5.00607e-10,
8640,0.00703235,0.200001,1.42538e-06,0.107031,5.00607e-10,
8660,0.00703235,0.200001,1.42538e-06,0.107031,5.00607e-10,
8680,0.00703235,0.200001,1.42538e-06,0.107031,5.00607e-10,
8700,0.00703235,0.200001,1.42538e-06,0.107031,5.00607e-10,
8720,0.00703235,0.200001,1.42538e-06,0.107031,5.00607e-10,
8740,0.00703235,0.200001,1.42538e-06,0.107031,5.00607e-10,
8760,0.00703235,0.200001,1.42538e-06,0.107031,5.00607e-10,
8780,0.00703235,0.200001,1.42538e-06,0.107031,5.00607e-10,
8800,0.00703235,0.200001,1.42538e-06,0.107031,5.00607e-10,
8820,0.00703235,0.200001,1.42538e-06,0.107031,5.00607e-10,
8840,0.00703235,0.200001,1.42538e-06,0.107031,5.00607e-10,
8860,0.00703235,0.200001,1.42538e-06,0.107031,5.00607e-10,
8880,0.00703235,0.200001,1.42538e-06,0.107031,5.00607e-10,
8900,0.00703235,0.200001,1.42538e-06,0.107031,5.00607e-10,
8920,0.00703235,0.200001,1.42538e-06,0.107031,5.00607e-10,
8940,0.00703235,0.200001,1.42538e-06,0.107031,5.00607e-10,
8960,0.00703235,0.200001,1.42538e-06,0.107031,5.00607e-10,
8980,0.00703235,0.200001,1.42538e-06,0.107031,5.00607e-10,
9000,0.00703235,0.200001,1.42538e-06,0.107031,5.00607e-10,
9020,0.00703235,0.200001,1.42538e-06,0.107031,5.00607e-10,
9040,0.00703235,0.200001,1.42538e-06,0.107031,5.00607e-10,
9060,0.00703235,0.200001,1.42538e-06,0.107031,5.00607e-10,
9080,0.00703235,0.200001,1.42538e-06,0.107031,5.00607e-10,
9100,0.00703235,0.200001,1.42538e-06,0.107031,5.00607e-10,
9120,0.00703235,0.200001,1.42538e-06,0.107031,5.00607e-10,
9140,0.00703235,0.200001,1.42538e-06,0.107031,5.00607e-10,
9160,0.00703235,0.200001,1.42538e-06,0.107031,5.00607e-10,
9180,0.00703235,0.200001,1.42538e-06,0.107031,5.00607e-10,
9200,0.00703235,0.200001,1.42538e-06,0.107031,5.00607e-10,
9220,0.00703235,0.200001,1.42538e-06,0.107031,5.00607e-10,
9240,0.00703235,0.200001,1.42538e-06,0.107031,5.00607e-10,
9260,0.00703235,0.200001,1.42538e-06,0.107031,5.00607e-10,
9280,0.00703235,0.200001,1.42538e-06,0.107031,5.00607e-10,
9300,0.00703235,0.200001,1.42538e-06,0.107031,5.00607e-10,
9320,0.00703235,0.200001,1.42538e-06,0.107031,5.00607e-10,
9340,0.00703235,0.200001,1.42538e-06,0.107031,5.00607e-10,
9360,0.00703235,0.200001,1.42538e-06,0.107031,5.00607e-10,
9380,0.00703235,0.200001,1.42538e-06,0.107031,5.00607e-10,
9400,0.00703235,0.200001,1.42538e-06,0.107031,5.00607e-10,
9420,0.00703235,0.200001,1.42538e-06,0.107031,5.00607e-10,
9440,0.00703235,0.200001,1.42538e-06,0.107031,5.00607e-10,
9460,0.00703235,0.200001,1.42538e-06,0.107031,5.00607e-10,
9480,0.00703235,0.200001,1.42538e-06,0.107031,5.00607e-10,
9500,0.00703235,0.200001,1.42538e-06,0.107031,5.00607e-10,
9520,0.00703235,0.200001,1.42538e-06,0.107031,5.00607e-10,
9540,0.00703235,0.200001,1.42538e-06,0.107031,5.00607e-10,
9560,0.00703235,0.200001,1.42538e-06,0.107031,5.00607e-10,
9580,0.00703235,0.200001,1.42538e-06,0.107031,5.00607e-10,
9600,0.00703235,0.200001,1.42538e-06,0.107031,5.00607e-10,
9620,0.00703235,0.200001,1.42538e-06,0.107031,5.00607e-10,
9640,0.00703235,0.200001,1.42538e-06,0.107031,5.00607e-10,
9660,0.00703235,0.200001,1.42538e-06,0.107031,5.00607e-10,
9680,0.00703235,0.200001,1.42538e-06,0.107031,5.00607e-10,
9700,0.00703235,0.200001,1.42538e-06,0.107031,5.00607e-10,
9720,0.00703235,0.200001,1.42538e-06,0.107031,5.00607e-10,
9740,0.00703235,0.200001,1.42538e-06,0.107031,5.00607e-10,
9760,0.00703235,0.200001,1.42538e-06,0.107031,5.00607e-10,
9780,0.00703235,0.200001,1.42538e-06,0.107031,5.00607e-10,
9800,0.00703235,0.200001,1.42538e-06,0.107031,5.00607e-10,
9820,0.00703235,0.200001,1.42538e-06,0.107031,5.00607e-10,
9840,0.00703235,0.200001,1.42538e-06,0.107031,5.00607e-10,
9860,0.00703235,0.200001,1.42538e-06,0.107031,5.00607e-10,
9880,0.00703235,0.200001,1.42538e-06,0.107031,5.00607e-10,
9900,0.00703235,0.200001,1.42538e-06,0.107031,5.00607e-10,
9920,0.00703235,0.200001,1.42538e-06,0.107031,5.00607e-10,
9940,0.00703235,0.200001,1.42538e-06,0.107031,5.00607e-10,
9960,0.00703235,0.200001,1.42538e-06,0.107031,5.00607e-10,
9980,0.00703235,0.200001,1.42538e-06,0.107031,5.00607e-10,
10000,0.00703235,0.200001,1.42538e-06,0.107031,5.00607e-10,

